
    z  =   [0	-0.8651
        0	-2.3376
        -0.173	1.8365
        -0.7963	2.1549
        -0.9812	-1.2166
        -0.6769	2.794
        -0.5973	2.3471
        0.067	-0.1106
        1.1642	0.9937
        2.1262	1.14
        3.1325	0.5776
        4.1599	2.0474
        5.0435	-1.3963
        6.0401	3.1892
        6.4057	-2.1287
        7.0706	-1.7232
        6.9229	0.7007
        6.0919	-0.4418
        5.1379	0.0652
        3.8864	-0.9914
        2.5162	1.1766
        0.8905	-2.4887
        -0.4632	1.2459
        -2.2238	3.0581
        -3.536	-1.117
        -3.9942	2.716
        -4.4531	4.1436
        -4.1232	-1.3804
        -2.775	-1.5236
        -1.6315	1.5766
        -0.7683	-1.3876
        0.4055	0.0887
        1.2227	0.1991
        1.9558	0.3661
        2.5942	2.1112
        3.1442	1.2883
        3.9317	2.3354
        4.7409	-2.8458
        5.7397	-0.9955
        5.8325	-1.5273
        5.4298	-4.1592
        4.4704	0.3419
        2.5035	-1.2765
        0.5782	4.4836
        -1.535	0.3232
        -2.5691	2.6453
        -3.3585	1.2644
        -3.4113	-1.8053
        -3.0381	-4.7516
        -2.8927	-0.4939
        -3.5603	-2.0213
        -4.1152	1.6045
        -4.8409	1.4257
        -4.9674	3.3464
        -4.554	0.3568
        -3.2643	-2.875
        -1.8046	-1.1727
        -0.9025	-3.6716
        -0.235	-0.8755
        -0.3235	0.0763
        -0.5664	0.9511
        -0.7536	0.5781
        -0.7036	3.1459
        -0.5052	-3.3071
        0.3377	0.9026
        0.4601	1.8402
        0.734	1.9312
        1.3254	2.2134
        2.2073	1.5127
        3.3774	2.6455
        4.6227	1.7256
        6.1037	-0.9456
        7.5505	-2.1132
        8.3584	-2.3988
        8.2853	-4.5859
        7.3218	-1.468
        5.1233	-0.0296
        2.4849	0.8186
        -0.1518	3.0697
        -2.4853	-0.8856
        -3.9639	0.6587
        -5.3475	0.9248
        -6.2628	1.6252
        -6.6343	-1.4239
        -6.3304	1.8569
        -6.01	2.4268
        -5.0337	-0.1596
        -3.3691	-0.3069
        -1.6513	2.3843
        0.0018	-0.8588
        2.049	-0.1713
        3.7197	-0.6148
        5.0865	-1.61
        6.0078	-1.0838
        6.2606	0.9185
        5.9709	-2.312
        5.5809	0.486
        4.4689	-0.4416
        3.2863	-3.2292
        1.9102	-1.5248
        -0.1385	-2.3756
        -2.3827	-3.4111
        -4.8708	3.5585
        -7.6731	0.5423
        -9.2399	1.7311
        -10.158	0.8803
        -10.176	0.0117
        -9.5082	-2.0432
        -8.3961	-1.5552
        -7.3285	0.0419
        -6.2588	-1.4207
        -4.9213	-1.516
        -3.6887	2.7253
        -2.6366	-1.0657
        -0.9601	-4.2905
        0.4674	-2.0335
        0.942	-3.6895
        0.9391	-3.2589
        0.1515	-0.2657
        -1.256	2.5802
        -2.5836	0.8451
        -3.1995	1.4966
        -3.4556	-2.5184
        -3.2269	-1.1102
        -3.3519	-0.2584
        -3.5251	-1.4263
        -3.565	-1.0033
        -3.71	3.6695
        -3.8629	1.3808
        -3.0811	-0.8559
        -1.9081	1.0237
        -0.8696	-0.8281
        0.3651	-3.4116
        1.3543	1.6215
        1.544	0.1097
        1.9713	2.9089
        2.3006	2.2298
        3.0802	-1.8092
        4.1127	-3.5398
        4.5262	-1.3597
        3.9847	-1.6123
        2.9991	-1.86
        1.5904	1.832
        -0.1994	4.6303
        -1.5233	0.8404
        -1.7788	-0.1057
        -1.7645	0.3331
        -1.6839	1.3646
        -1.4564	-2.1186
        -0.8947	-2.7782
        -0.74	-0.2397
        -1.1116	0.2449
        -1.4571	1.3808
        -1.6634	-1.2295
        -1.5001	-1.1251
        -1.5158	-2.4573
        -1.68	-2.092
        -2.2434	1.417
        -3.0849	-2.0494
        -3.4467	-2.522
        -4.0279	1.8898
        -4.8831	-0.5933
        -5.0734	1.0277
        -5.1192	-0.8142
        -4.7012	1.117
        -4.2318	1.1547
        -3.351	0.0619
        -2.1156	-3.0509
        -0.8239	1.6972
        -0.1658	4.4772
        0.8072	2.6246
        2.5866	-3.5952
        4.6726	-1.5156
        5.7016	-3.1704
        6.091	-3.6847
        5.5223	-3.4687
        3.969	0.3111
        1.6012	-0.6696
        -0.6661	0.2943
        -2.9207	-0.9194
        -4.8576	-1.5177
        -6.6386	0.0687
        -8.3023	1.2
        -9.4539	4.7846
        -9.8352	-1.2818
        -8.7488	-0.0942
        -7.5356	3.9316
        -6.0251	0.3975
        -3.5026	-2.5429
        -0.8516	0.0353
        1.2009	2.1554
        3.0978	0.625
        5.176	3.5757
        7.0165	1.0444
        9.1293	3.7603
        10.8889	-1.0918
        12.7681	-3.3559
        13.6966	-2.0018
        13.2226	0.7947
        11.7108	-3.226
        9.8481	1.2705
        6.9408	-0.2093
        4.086	2.6882
        1.1278	-0.6202
        -1.2012	1.2484
        -3.4778	-3.5969
        -5.217	-1.0174
        -7.3278	0.8888
        -9.1701	-0.3029
        -10.284	3.2639
        -10.8886	-0.3115
        -10.2658	-4.0546
        -9.2231	-2.6829
        -8.5824	0.9342
        -8.0811	-2.0823
        -7.014	-1.1926
        -6.0661	0.4556
        -5.1007	-4.8012
        -3.8375	-1.0328
        -3.4058	-0.7353
        -3.0319	-1.4485
        -2.6722	-0.1805
        -2.4866	2.8593
        -2.222	-0.2659
        -1.2877	2.7214
        -0.3889	-0.3924
        1.0286	1.6507
        2.2454	0.2413
        3.6192	2.5322
        4.7917	-0.0681
        6.1723	0.3725
        7.1617	0.045
        7.818	-1.5888
        8.0596	0.7206
        7.5684	4.1493
        6.8675	1.0003
        6.6881	-0.0698
        6.3833	1.3854
        5.7606	-0.844
        5.1582	-3.428
        4.1591	0.0199
        2.3164	-0.1827
        0.454	0.284
        -1.3745	4.2062
        -2.986	5.6601
        -3.5264	0.5427
        -2.7315	1.0326
        -1.7312	-1.5768
        -0.4878	0.9506
        0.4024	-5.1047
        1.4182	1.9802
        1.2913	0.8133
        1.5022	0.9336
        1.7901	2.3884
        2.1608	-1.3751
        2.8827	-1.8541
        3.1493	-4.4743
        2.8743	-4.9806
        1.5744	-2.2436
        -0.7352	0.7345
        -3.3414	-0.1314
        -5.5033	-1.4532
        -7.3082	3.1013
        -8.948	-0.9833
        -9.4383	0.0237
        -9.6287	0.0473
        -9.3235	-0.0296
        -8.5579	1.8509
        -7.4086	0.9041
        -5.5761	-2.0367
        -3.3757	-1.4702
        -1.5238	0.0518
        0.0176	-3.8715
        1.4914	-2.5014
        2.0427	-3.5183
        1.964	-3.3491
        1.0874	-2.3088
        -0.4696	-0.6143
        -2.387	0.5301
        -4.2121	-0.4159
        -5.6293	1.5405
        -6.7774	-1.164
        -7.221	-3.2916
        -7.5143	0.5798
        -8.0755	1.5756
        -8.0889	2.5841
        -7.3821	2.8555
        -5.8247	3.7333
        -3.4828	-0.876
        -0.3373	-0.0742
        2.4927	-0.9774
        5.0417	-1.9513
        7.0157	3.9335
        8.1499	-0.4799
        9.6067	-2.7878
        10.4143	3.128
        10.1032	-0.4253
        9.9281	-3.8176
        9.1803	-0.3451
        7.2474	1.546
        4.9797	-1.7921
        2.8856	1.2639
        0.3935	1.3077
        -1.7409	-0.7473
        -3.4199	3.4438
        -4.9935	0.3814
        -5.5499	1.0412
        -5.7248	-1.4682
        -5.3964	-0.972
        -5.1083	1.4195
        -4.7735	1.1647
        -3.933	4.2922
        -2.7048	-0.7699
        -0.5444	3.248
        1.3812	1.1612
        3.7911	-5.8412
        6.1232	-4.7939
        6.8643	-1.7074
        6.2663	-0.1151
        5.0434	0.6911
        3.6065	2.2617
        2.1993	-1.2609
        1.2049	-1.6257
        -0.0522	-0.5914
        -1.5691	0.2256
        -3.0498	1.5578
        -4.259	3.7522
        -4.8832	3.0504
        -4.4815	-2.1429
        -3.2658	1.829
        -2.3762	1.0352
        -1.0465	-0.0186
        0.4762	1.188
        1.8951	-0.4035
        3.386	-1.8153
